000526340600897215000403086106300002243000600590002000867001000309000400420030060
000526340630897215000403086106300002243000600590002000867001000309000400420030060
000526340634897215000403086106300002243000600590002000867001000309000400420030060
000526340634897215050403086106300002243000600590002000867001000309000400420030060
000526340634897215052403086106300002243000600590002000867001000309000400420030060
000526340634897215052413086106300002243000600590002000867001000309000400420030060
000526340634897215052413086176300002243000600590002000867001000309000400420030060
080526340634897215052413086176300002243000600590002000867001000309000400420030060
081526340634897215052413086176300002243000600590002000867001000309000400420030060
081526340634897215052413086176304002243000600590002000867001000309000400420030060
081526340634897215052413086176304002243000600598002000867001000309000400420030060
081526340634897215052413086176304002243000600598002004867001000309000400420030060
081526340634897215052413086176304002243000600598002034867001000309000400420030060
081526340634897215052413086176304002243000600598002034867041000309000400420030060
081526340634897215052413086176304002243000600598002034867041003309000400420030060
081526340634897215052413086176304002243000600598002034867041003319000400420030060
081526340634897215052413086176304002243000600598002034867041003319000400425030060
981526340634897215052413086176304002243000600598002034867041003319000400425030060
981526347634897215052413086176304002243000600598002034867041003319000400425030060
981526347634897215752413086176304002243000600598002034867041003319000400425030060
981526347634897215752413986176304002243000600598002034867041003319000400425030060
981526347634897215752413986176304092243000600598002034867041003319000400425030060
981526347634897215752413986176304092243000600598002034867941003319000400425030060
981526347634897215752413986176304092243009600598002034867941003319000400425030060
981526347634897215752413986176304092243009600598002034867941503319000400425030060
981526347634897215752413986176354092243009600598002034867941503319000400425030060
981526347634897215752413986176354892243009600598002034867941503319000400425030060
981526347634897215752413986176354892243089600598002034867941503319000400425030060
981526347634897215752413986176354892243089650598002034867941503319000400425030060
981526347634897215752413986176354892243789650598002034867941503319000400425030060
981526347634897215752413986176354892243789650598002034867941503319000400425030060
981526347634897215752413986176354892243089650598002034867941503319000400425030060
981526347634897215752413986176354892243089600598002034867941503319000400425030060
981526347634897215752413986176354892243009600598002034867941503319000400425030060
981526347634897215752413986176354092243009600598002034867941503319000400425030060
981526347634897215752413986176304092243009600598002034867941503319000400425030060
981526347634897215752413986176304092243009600598002034867941003319000400425030060
981526347634897215752413986176304092243000600598002034867941003319000400425030060
981526347634897215752413986176304092243000600598002034867041003319000400425030060
981526347634897215752413986176304002243000600598002034867041003319000400425030060
981526347634897215752413086176304002243000600598002034867041003319000400425030060
981526347634897215052413086176304002243000600598002034867041003319000400425030060
981526340634897215052413086176304002243000600598002034867041003319000400425030060
781526340634897215052413086176304002243000600598002034867041003319000400425030060
781526349634897215052413086176304002243000600598002034867041003319000400425030060
781526349634897215952413086176304002243000600598002034867041003319000400425030060
781526349634897215952413786176304002243000600598002034867041003319000400425030060
781526349634897215952413786176304002243000600598002134867041003319000400425030060
781526349634897215952413786176304002243100600598002134867041003319000400425030060
781526349634897215952413786176304002243109600598002134867041003319000400425030060
781526349634897215952413786176304002243109600598002134867041003319005400425030060
781526349634897215952413786176304002243109600598002134867041003319005400425038060
781526349634897215952413786176304802243109600598002134867041003319005400425038060
781526349634897215952413786176354802243109600598002134867041003319005400425038060
781526349634897215952413786176354892243109600598002134867041003319005400425038060
781526349634897215952413786176354892243189600598002134867041003319005400425038060
781526349634897215952413786176354892243189650598002134867041003319005400425038060
781526349634897215952413786176354892243189657598002134867041003319005400425038060
781526349634897215952413786176354892243189657598002134867041503319005400425038060
781526349634897215952413786176354892243189657598002134867941503319005400425038060
781526349634897215952413786176354892243189657598002134867941523319005400425038060
781526349634897215952413786176354892243189657598002134867941523319205400425038060
781526349634897215952413786176354892243189657598602134867941523319205400425038060
781526349634897215952413786176354892243189657598672134867941523319205400425038060
781526349634897215952413786176354892243189657598672134867941523319265400425038060
781526349634897215952413786176354892243189657598672134867941523319265470425038060
781526349634897215952413786176354892243189657598672134867941523319265478425038060
781526349634897215952413786176354892243189657598672134867941523319265478425738060
781526349634897215952413786176354892243189657598672134867941523319265478425738960
781526349634897215952413786176354892243189657598672134867941523319265478425738961
781526349634897215952413786176354892243189657598672134867941523319265478425738961
